   0.00000000E+000   0.24072544E+001   0.49823848E-002
   0.15909903E-001   0.33257148E+002   0.12329508E+000
   0.31819805E-001   0.24974848E+002   0.11411418E+000
   0.47729708E-001   0.16363446E+002   0.12094627E+000
   0.63639610E-001   0.92966036E+001   0.10693884E+000
   0.79549513E-001   0.56778756E+001   0.90547344E-001
   0.95459415E-001   0.34854497E+001   0.83050556E-001
   0.11136932E+000   0.28307460E+001   0.18263567E+000
   0.12727922E+000   0.39954985E+001   0.98174062E-001
   0.14318912E+000   0.58116572E+001   0.70362430E-001
   0.15909903E+000   0.72633877E+001   0.52524829E-001
   0.17500893E+000   0.65756704E+001   0.10145873E+000
   0.19091883E+000   0.47678241E+001   0.96988593E-001
   0.20682873E+000   0.29864729E+001   0.11614732E+000
   0.22273864E+000   0.19711003E+001   0.69770538E-001
   0.23864854E+000   0.16730530E+001   0.28129456E-001
   0.25455844E+000   0.16189990E+001   0.28860403E-001
   0.27046834E+000   0.20743971E+001   0.33855964E-001
   0.28637825E+000   0.30978805E+001   0.51178196E-001
   0.30228815E+000   0.41334095E+001   0.54988849E-001
   0.31819805E+000   0.44365372E+001   0.53357645E-001
   0.33410795E+000   0.37140128E+001   0.30642470E-001
   0.35001786E+000   0.27222100E+001   0.48285764E-001
   0.36592776E+000   0.20101443E+001   0.48348672E-001
   0.38183766E+000   0.17617041E+001   0.74009445E-001
   0.39774756E+000   0.17280335E+001   0.75577146E-001
   0.41365747E+000   0.18769119E+001   0.81483117E-001
   0.42956737E+000   0.24045174E+001   0.73262106E-001
   0.44547727E+000   0.31531740E+001   0.77171820E-001
   0.46138717E+000   0.36138357E+001   0.79695264E-001
   0.47729708E+000   0.33976122E+001   0.95409609E-001
   0.49320698E+000   0.27296185E+001   0.93987143E-001
   0.50911688E+000   0.21610700E+001   0.85667416E-001
   0.52502679E+000   0.19159900E+001   0.80457524E-001
   0.54093669E+000   0.18982600E+001   0.68743462E-001
   0.55684659E+000   0.19321133E+001   0.56360967E-001
   0.57275649E+000   0.21450424E+001   0.51662833E-001
   0.58866640E+000   0.26223932E+001   0.53087513E-001
   0.60457630E+000   0.31089669E+001   0.49991516E-001
   0.62048620E+000   0.32057169E+001   0.55025284E-001
   0.63639610E+000   0.28226746E+001   0.48710391E-001
   0.65230601E+000   0.23118389E+001   0.38963552E-001
   0.66821591E+000   0.20174156E+001   0.39061945E-001
   0.68412581E+000   0.19748527E+001   0.51536338E-001
   0.70003571E+000   0.20248915E+001   0.60670518E-001
   0.71594562E+000   0.21173529E+001   0.70772902E-001
   0.73185552E+000   0.23724878E+001   0.72690517E-001
   0.74776542E+000   0.27504519E+001   0.66222578E-001
   0.76367532E+000   0.29847352E+001   0.71319351E-001
   0.77958523E+000   0.28593668E+001   0.86137738E-001
   0.79549513E+000   0.24817867E+001   0.93503923E-001
   0.81140503E+000   0.21580583E+001   0.94456775E-001
   0.82731493E+000   0.20419738E+001   0.90799892E-001
   0.84322484E+000   0.20690422E+001   0.77139112E-001
   0.85913474E+000   0.21345592E+001   0.68484554E-001
   0.87504464E+000   0.22759641E+001   0.69236353E-001
   0.89095454E+000   0.25408972E+001   0.69233365E-001
   0.90686445E+000   0.27954829E+001   0.66675021E-001
   0.92277435E+000   0.28264469E+001   0.62323336E-001
   0.93868425E+000   0.25943157E+001   0.51263725E-001
   0.95459415E+000   0.22954996E+001   0.41835142E-001
   0.97050406E+000   0.21310639E+001   0.43230587E-001
   0.98641396E+000   0.21177943E+001   0.48926702E-001
   0.10023239E+001   0.21641426E+001   0.54265769E-001
   0.10182338E+001   0.22422966E+001   0.58004179E-001
   0.10341437E+001   0.24114536E+001   0.57835326E-001
   0.10500536E+001   0.26408652E+001   0.57091435E-001
   0.10659635E+001   0.27652195E+001   0.64632221E-001
   0.10818734E+001   0.26639770E+001   0.76031365E-001
   0.10977833E+001   0.24174670E+001   0.83646833E-001
   0.11136932E+001   0.22190918E+001   0.86980337E-001
   0.11296031E+001   0.21624509E+001   0.86185168E-001
   0.11455130E+001   0.21950412E+001   0.81257154E-001
   0.11614229E+001   0.22497620E+001   0.77658646E-001
   0.11773328E+001   0.23476325E+001   0.77501088E-001
   0.11932427E+001   0.25181216E+001   0.77065079E-001
   0.12091526E+001   0.26755543E+001   0.75192206E-001
   0.12250625E+001   0.26829063E+001   0.70275575E-001
   0.12409724E+001   0.25191493E+001   0.61187936E-001
   0.12568823E+001   0.23164681E+001   0.51788957E-001
   0.12727922E+001   0.22108689E+001   0.48031592E-001
   0.12887021E+001   0.22139666E+001   0.49085376E-001
   0.13046120E+001   0.22603882E+001   0.51600512E-001
   0.13205219E+001   0.23257584E+001   0.52571190E-001
   0.13364318E+001   0.24407869E+001   0.51028147E-001
   0.13523417E+001   0.25858787E+001   0.49698466E-001
   0.13682516E+001   0.26569420E+001   0.53805577E-001
   0.13841615E+001   0.25795990E+001   0.62893490E-001
   0.14000714E+001   0.24091008E+001   0.71461986E-001
   0.14159813E+001   0.22738517E+001   0.76531012E-001
   0.14318912E+001   0.22382428E+001   0.77853091E-001
   0.14478011E+001   0.22695204E+001   0.76402449E-001
   0.14637110E+001   0.23281559E+001   0.75524140E-001
   0.14796209E+001   0.24424710E+001   0.77706387E-001
   0.14955308E+001   0.26626755E+001   0.80421093E-001
   0.15114407E+001   0.29417417E+001   0.80696585E-001
   0.15273506E+001   0.31024771E+001   0.76960808E-001
   0.15432605E+001   0.30033469E+001   0.69011178E-001
   0.15591705E+001   0.27277157E+001   0.60216199E-001
   0.15750804E+001   0.24743687E+001   0.55971467E-001
   0.15909903E+001   0.23199076E+001   0.56445952E-001
   0.16069002E+001   0.22245613E+001   0.57201678E-001
   0.16228101E+001   0.21876353E+001   0.54798158E-001
   0.16387200E+001   0.22567417E+001   0.49444957E-001
   0.16546299E+001   0.23914903E+001   0.45019482E-001
   0.16705398E+001   0.24762063E+001   0.46271378E-001
   0.16864497E+001   0.24548452E+001   0.53092593E-001
   0.17023596E+001   0.23596164E+001   0.60519052E-001
   0.17182695E+001   0.22719107E+001   0.65357597E-001
   0.17341794E+001   0.22455367E+001   0.67458264E-001
   0.17500893E+001   0.22646838E+001   0.68034525E-001
   0.17659992E+001   0.22962493E+001   0.69221620E-001
   0.17819091E+001   0.23488956E+001   0.72285562E-001
   0.17978190E+001   0.24414522E+001   0.75770214E-001
   0.18137289E+001   0.25320000E+001   0.77575282E-001
   0.18296388E+001   0.25416696E+001   0.76367774E-001
   0.18455487E+001   0.24440182E+001   0.71645888E-001
   0.18614586E+001   0.22649200E+001   0.65122272E-001
   0.18773685E+001   0.19525610E+001   0.60335754E-001
   0.18932784E+001   0.12697920E+001   0.58404243E-001
   0.19091883E+001  -0.30262003E-001   0.56123747E-001
   0.19250982E+001  -0.16796469E+001   0.49860090E-001
   0.19410081E+001  -0.27309547E+001   0.39494175E-001
   0.19569180E+001  -0.25011766E+001   0.29460025E-001
   0.19728279E+001  -0.12458232E+001   0.25274225E-001
   0.19887378E+001   0.37171539E+000   0.28355154E-001
   0.20046477E+001   0.18808655E+001   0.35328752E-001
   0.20205576E+001   0.30589236E+001   0.41893084E-001
   0.20364675E+001   0.37695021E+001   0.46231988E-001
   0.20523774E+001   0.39789242E+001   0.48926911E-001
   0.20682873E+001   0.37886528E+001   0.51020742E-001
   0.20841972E+001   0.33828470E+001   0.53286993E-001
   0.21001071E+001   0.30342508E+001   0.57047181E-001
   0.21160170E+001   0.28619183E+001   0.63079145E-001
   0.21319269E+001   0.26932052E+001   0.69003818E-001
   0.21478368E+001   0.25788875E+001   0.70803824E-001
   0.21637468E+001   0.27645363E+001   0.67667806E-001
   0.21796567E+001   0.30557496E+001   0.63050502E-001
   0.21955666E+001   0.30364401E+001   0.61305004E-001
   0.22114765E+001   0.27363777E+001   0.63268858E-001
   0.22273864E+001   0.25254604E+001   0.64536387E-001
   0.22432963E+001   0.25067961E+001   0.60171413E-001
   0.22592062E+001   0.24556894E+001   0.51273562E-001
   0.22751161E+001   0.22757426E+001   0.43981209E-001
   0.22910260E+001   0.21982426E+001   0.42192083E-001
   0.23069359E+001   0.24224904E+001   0.44203067E-001
   0.23228458E+001   0.27512399E+001   0.45770683E-001
   0.23387557E+001   0.27932310E+001   0.44722709E-001
   0.23546656E+001   0.24564993E+001   0.42594174E-001
   0.23705755E+001   0.20996763E+001   0.42236021E-001
   0.23864854E+001   0.21098275E+001   0.44475857E-001
   0.24023953E+001   0.24257225E+001   0.48643445E-001
   0.24183052E+001   0.26421115E+001   0.54305588E-001
   0.24342151E+001   0.25055828E+001   0.59919993E-001
   0.24501250E+001   0.21838223E+001   0.62546928E-001
   0.24660349E+001   0.20588605E+001   0.61134416E-001
   0.24819448E+001   0.22796416E+001   0.58402107E-001
   0.24978547E+001   0.25965409E+001   0.57770647E-001
   0.25137646E+001   0.26665133E+001   0.59764932E-001
   0.25296745E+001   0.24202665E+001   0.61920344E-001
   0.25455844E+001   0.21132783E+001   0.60714280E-001
   0.25614943E+001   0.20468448E+001   0.54881756E-001
   0.25774042E+001   0.22452962E+001   0.48075074E-001
   0.25933141E+001   0.24749321E+001   0.45513019E-001
   0.26092240E+001   0.25350259E+001   0.48111612E-001
   0.26251339E+001   0.24108100E+001   0.51531330E-001
   0.26410438E+001   0.22245589E+001   0.50168285E-001
   0.26569537E+001   0.21440557E+001   0.42927115E-001
   0.26728636E+001   0.22502901E+001   0.35900503E-001
   0.26887735E+001   0.24433516E+001   0.36288081E-001
   0.27046834E+001   0.25357017E+001   0.44020282E-001
   0.27205933E+001   0.24257999E+001   0.52450436E-001
   0.27365032E+001   0.21817097E+001   0.54871540E-001
   0.27524131E+001   0.20096434E+001   0.49851859E-001
   0.27683230E+001   0.20914611E+001   0.43644441E-001
   0.27842330E+001   0.23877764E+001   0.44806307E-001
   0.28001429E+001   0.26525853E+001   0.54394876E-001
   0.28160528E+001   0.26625624E+001   0.65056027E-001
   0.28319627E+001   0.23987143E+001   0.68362108E-001
   0.28478726E+001   0.20508555E+001   0.61477336E-001
   0.28637825E+001   0.18834520E+001   0.50505526E-001
   0.28796924E+001   0.20277855E+001   0.45615987E-001
   0.28956023E+001   0.23680695E+001   0.49722663E-001
   0.29115122E+001   0.26568533E+001   0.56056370E-001
   0.29274221E+001   0.27130749E+001   0.56844535E-001
   0.29433320E+001   0.25048298E+001   0.50109807E-001
   0.29592419E+001   0.21503841E+001   0.40280868E-001
   0.29751518E+001   0.18857690E+001   0.34460692E-001
   0.29910617E+001   0.19165823E+001   0.35981640E-001
   0.30069716E+001   0.22255414E+001   0.42094875E-001
   0.30228815E+001   0.25768177E+001   0.47636210E-001
   0.30387914E+001   0.27266028E+001   0.48920218E-001
   0.30547013E+001   0.25966541E+001   0.45950755E-001
   0.30706112E+001   0.22884819E+001   0.42697394E-001
   0.30865211E+001   0.20036099E+001   0.43698070E-001
   0.31024310E+001   0.19232873E+001   0.49596331E-001
   0.31183409E+001   0.20888374E+001   0.56452454E-001
   0.31342508E+001   0.23779697E+001   0.59222852E-001
   0.31501607E+001   0.26028138E+001   0.56520148E-001
   0.31660706E+001   0.26300136E+001   0.51924157E-001
   0.31819805E+001   0.24458144E+001   0.49806220E-001
   0.31978904E+001   0.21661365E+001   0.51049104E-001
   0.32138003E+001   0.19779906E+001   0.53316764E-001
   0.32297102E+001   0.20082729E+001   0.53710435E-001
   0.32456201E+001   0.22229020E+001   0.51032166E-001
   0.32615300E+001   0.24651745E+001   0.46633080E-001
   0.32774399E+001   0.25832746E+001   0.43053865E-001
   0.32933498E+001   0.25202191E+001   0.41825759E-001
   0.33092597E+001   0.23273512E+001   0.42800905E-001
   0.33251696E+001   0.21285119E+001   0.44604727E-001
   0.33410795E+001   0.20470149E+001   0.45281021E-001
   0.33569894E+001   0.21252243E+001   0.43812661E-001
   0.33728993E+001   0.23033156E+001   0.41588280E-001
   0.33888092E+001   0.24704274E+001   0.41463586E-001
   0.34047192E+001   0.25311320E+001   0.44709649E-001
   0.34206291E+001   0.24542557E+001   0.49262303E-001
   0.34365390E+001   0.23023567E+001   0.51708591E-001
   0.34524489E+001   0.22088091E+001   0.50900967E-001
   0.34683588E+001   0.22794285E+001   0.49037873E-001
   0.34842687E+001   0.24986277E+001   0.49312390E-001
   0.35001786E+001   0.27461654E+001   0.52654619E-001
   0.35160885E+001   0.28961184E+001   0.56599648E-001
   0.35319984E+001   0.28853893E+001   0.57667159E-001
   0.35479083E+001   0.27203027E+001   0.54960755E-001
   0.35638182E+001   0.24689522E+001   0.50729308E-001
   0.35797281E+001   0.22460741E+001   0.47775610E-001
   0.35956380E+001   0.21511608E+001   0.47248811E-001
   0.36115479E+001   0.21907162E+001   0.48241505E-001
   0.36274578E+001   0.22792450E+001   0.48755937E-001
   0.36433677E+001   0.23245117E+001   0.47343464E-001
   0.36592776E+001   0.22956301E+001   0.44058657E-001
   0.36751875E+001   0.22176419E+001   0.40539767E-001
   0.36910974E+001   0.21383995E+001   0.39346610E-001
   0.37070073E+001   0.21094075E+001   0.41719818E-001
   0.37229172E+001   0.21617257E+001   0.45881601E-001
   0.37388271E+001   0.22750800E+001   0.48766134E-001
   0.37547370E+001   0.23847747E+001   0.48997177E-001
   0.37706469E+001   0.24353869E+001   0.47808375E-001
   0.37865568E+001   0.24272220E+001   0.47773544E-001
   0.38024667E+001   0.24134458E+001   0.50269673E-001
   0.38183766E+001   0.24618295E+001   0.53853232E-001
   0.38342865E+001   0.26099399E+001   0.55873623E-001
   0.38501964E+001   0.28273213E+001   0.55367079E-001
   0.38661063E+001   0.30111685E+001   0.53690467E-001
   0.38820162E+001   0.30431319E+001   0.52833882E-001
   0.38979261E+001   0.28728806E+001   0.53362451E-001
   0.39138360E+001   0.25499534E+001   0.53849865E-001
   0.39297459E+001   0.21821422E+001   0.52567551E-001
   0.39456558E+001   0.18774927E+001   0.49409767E-001
   0.39615657E+001   0.17141552E+001   0.45796258E-001
   0.39774756E+001   0.17213859E+001   0.43382269E-001
   0.39933855E+001   0.18582238E+001   0.43051460E-001
   0.40092954E+001   0.20229126E+001   0.44330228E-001
   0.40252054E+001   0.21138157E+001   0.45690490E-001
   0.40411153E+001   0.20959937E+001   0.45868975E-001
   0.40570252E+001   0.20116786E+001   0.44894681E-001
   0.40729351E+001   0.19389379E+001   0.43914939E-001
   0.40888450E+001   0.19489533E+001   0.44222120E-001
   0.41047549E+001   0.20771050E+001   0.46252173E-001
   0.41206648E+001   0.22954309E+001   0.49276068E-001
   0.41365747E+001   0.25098343E+001   0.51999339E-001
   0.41524846E+001   0.26130985E+001   0.53386804E-001
   0.41683945E+001   0.25595296E+001   0.53129190E-001
   0.41843044E+001   0.23906396E+001   0.51832414E-001
   0.42002143E+001   0.21968221E+001   0.50757429E-001
   0.42161242E+001   0.20650010E+001   0.50761631E-001
   0.42320341E+001   0.20509772E+001   0.51358769E-001
   0.42479440E+001   0.21669122E+001   0.51251956E-001
   0.42638539E+001   0.23671260E+001   0.49792663E-001
   0.42797638E+001   0.25508004E+001   0.47724968E-001
   0.42956737E+001   0.26112163E+001   0.46569417E-001
   0.43115836E+001   0.25102364E+001   0.47110096E-001
   0.43274935E+001   0.23103953E+001   0.48377536E-001
   0.43434034E+001   0.21302056E+001   0.48482076E-001
   0.43593133E+001   0.20636632E+001   0.46673118E-001
   0.43752232E+001   0.21294852E+001   0.44384391E-001
   0.43911331E+001   0.22759738E+001   0.43966239E-001
   0.44070430E+001   0.24232641E+001   0.46341361E-001
   0.44229529E+001   0.25082359E+001   0.50019956E-001
   0.44388628E+001   0.25051419E+001   0.52415815E-001
   0.44547727E+001   0.24205463E+001   0.52184623E-001
   0.44706826E+001   0.22842295E+001   0.50412605E-001
   0.44865925E+001   0.21494175E+001   0.49400957E-001
   0.45025024E+001   0.20846541E+001   0.50338118E-001
   0.45184123E+001   0.21378116E+001   0.52395396E-001
   0.45343222E+001   0.22934245E+001   0.53781655E-001
   0.45502321E+001   0.24689609E+001   0.53393106E-001
   0.45661420E+001   0.25627854E+001   0.51704668E-001
   0.45820519E+001   0.25169048E+001   0.50175356E-001
   0.45979618E+001   0.23515025E+001   0.49739525E-001
   0.46138717E+001   0.21564127E+001   0.49955731E-001
   0.46297816E+001   0.20443771E+001   0.49605432E-001
   0.46456916E+001   0.20844248E+001   0.48119695E-001
   0.46616015E+001   0.22544431E+001   0.46368649E-001
   0.46775114E+001   0.24524554E+001   0.45826993E-001
   0.46934213E+001   0.25637300E+001   0.47025532E-001
   0.47093312E+001   0.25318920E+001   0.49047455E-001
   0.47252411E+001   0.23829790E+001   0.50456291E-001
   0.47411510E+001   0.21998085E+001   0.50583155E-001
   0.47570609E+001   0.20776030E+001   0.49906634E-001
   0.47729708E+001   0.20805370E+001   0.49348201E-001
   0.47888807E+001   0.22068501E+001   0.49514408E-001
   0.48047906E+001   0.23836448E+001   0.50510247E-001
   0.48207005E+001   0.25091397E+001   0.51993212E-001
   0.48366104E+001   0.25190052E+001   0.53298355E-001
   0.48525203E+001   0.24235082E+001   0.53755037E-001
   0.48684302E+001   0.22871004E+001   0.53134739E-001
   0.48843401E+001   0.21771318E+001   0.51932120E-001
   0.49002500E+001   0.21307460E+001   0.51050553E-001
   0.49161599E+001   0.21559535E+001   0.50984349E-001
   0.49320698E+001   0.22425598E+001   0.51336549E-001
   0.49479797E+001   0.23622387E+001   0.51239356E-001
   0.49638896E+001   0.24678231E+001   0.50254397E-001
   0.49797995E+001   0.25088092E+001   0.48872090E-001
   0.49957094E+001   0.24574351E+001   0.48112857E-001
   0.50116193E+001   0.23268603E+001   0.48545143E-001
   0.50275292E+001   0.21724331E+001   0.49631900E-001
   0.50434391E+001   0.20731705E+001   0.50154983E-001
   0.50593490E+001   0.20916526E+001   0.49457158E-001
   0.50752589E+001   0.22291102E+001   0.48255448E-001
   0.50911688E+001   0.24133350E+001   0.48084872E-001
   0.51070787E+001   0.25396140E+001   0.49821570E-001
   0.51229886E+001   0.25372740E+001   0.52690155E-001
   0.51388985E+001   0.24109369E+001   0.54798068E-001
   0.51548084E+001   0.22309258E+001   0.54799764E-001
   0.51707183E+001   0.20890862E+001   0.53090461E-001
   0.51866282E+001   0.20526454E+001   0.51398819E-001
   0.52025381E+001   0.21364347E+001   0.51194106E-001
   0.52184480E+001   0.22990393E+001   0.52369828E-001
   0.52343579E+001   0.24629604E+001   0.53446215E-001
   0.52502679E+001   0.25516284E+001   0.53074747E-001
   0.52661778E+001   0.25246846E+001   0.51316344E-001
   0.52820877E+001   0.23935573E+001   0.49503129E-001
   0.52979976E+001   0.22154220E+001   0.48896870E-001
   0.53139075E+001   0.20729551E+001   0.49475229E-001
   0.53298174E+001   0.20409668E+001   0.50117120E-001
   0.53457273E+001   0.21441463E+001   0.49920643E-001
   0.53616372E+001   0.23319197E+001   0.49123318E-001
   0.53775471E+001   0.25000049E+001   0.48771377E-001
   0.53934570E+001   0.25526420E+001   0.49631991E-001
   0.54093669E+001   0.24620256E+001   0.51398480E-001
   0.54252768E+001   0.22835906E+001   0.52937374E-001
   0.54411867E+001   0.21206977E+001   0.53287446E-001
   0.54570966E+001   0.20653474E+001   0.52440347E-001
   0.54730065E+001   0.21503280E+001   0.51347195E-001
   0.54889164E+001   0.23352414E+001   0.51155949E-001
   0.55048263E+001   0.25298819E+001   0.52192168E-001
   0.55207362E+001   0.26426039E+001   0.53625569E-001
   0.55366461E+001   0.26285639E+001   0.54188726E-001
   0.55525560E+001   0.25093497E+001   0.53299871E-001
   0.55684659E+001   0.23526212E+001   0.51633551E-001
   0.55843758E+001   0.22296833E+001   0.50532241E-001
   0.56002857E+001   0.21821564E+001   0.50717048E-001
   0.56161956E+001   0.22131296E+001   0.51664325E-001
   0.56321055E+001   0.22953772E+001   0.52240298E-001
   0.56480154E+001   0.23851098E+001   0.51813156E-001
   0.56639253E+001   0.24385546E+001   0.50806703E-001
   0.56798352E+001   0.24297479E+001   0.50214732E-001
   0.56957451E+001   0.23611236E+001   0.50562011E-001
   0.57116550E+001   0.22595981E+001   0.51440851E-001
   0.57275649E+001   0.21622238E+001   0.52004560E-001
   0.57434748E+001   0.21021213E+001   0.51763743E-001
   0.57593847E+001   0.20994929E+001   0.50977669E-001
   0.57752946E+001   0.21551784E+001   0.50362410E-001
   0.57912045E+001   0.22470065E+001   0.50435265E-001
   0.58071144E+001   0.23358683E+001   0.51154364E-001
   0.58230243E+001   0.23847797E+001   0.52032126E-001
   0.58389342E+001   0.23805618E+001   0.52492022E-001
   0.58548441E+001   0.23409684E+001   0.52294533E-001
   0.58707541E+001   0.23011405E+001   0.51728667E-001
   0.58866640E+001   0.22910464E+001   0.51362720E-001
   0.59025739E+001   0.23204227E+001   0.51593586E-001
   0.59184838E+001   0.23772565E+001   0.52306582E-001
   0.59343937E+001   0.24356553E+001   0.52898053E-001
   0.59503036E+001   0.24681778E+001   0.52787822E-001
   0.59662135E+001   0.24589529E+001   0.51983223E-001
   0.59821234E+001   0.24113269E+001   0.51088336E-001
   0.59980333E+001   0.23441396E+001   0.50763683E-001
   0.60139432E+001   0.22792591E+001   0.51125863E-001
   0.60298531E+001   0.22311269E+001   0.51637974E-001
   0.60457630E+001   0.22057797E+001   0.51659918E-001
   0.60616729E+001   0.22055438E+001   0.51080229E-001
   0.60775828E+001   0.22305616E+001   0.50366655E-001
   0.60934927E+001   0.22750917E+001   0.50107687E-001
   0.61094026E+001   0.23248346E+001   0.50527865E-001
   0.61253125E+001   0.23604837E+001   0.51343882E-001
   0.61412224E+001   0.23655897E+001   0.52043648E-001
   0.61571323E+001   0.23340845E+001   0.52277836E-001
   0.61730422E+001   0.22754032E+001   0.52028387E-001
   0.61889521E+001   0.22152376E+001   0.51566572E-001
   0.62048620E+001   0.21870971E+001   0.51276761E-001
   0.62207719E+001   0.22136994E+001   0.51377393E-001
   0.62366818E+001   0.22891137E+001   0.51743797E-001
   0.62525917E+001   0.23774712E+001   0.52015960E-001
   0.62685016E+001   0.24320233E+001   0.51906031E-001
   0.62844115E+001   0.24218224E+001   0.51451197E-001
   0.63003214E+001   0.23493391E+001   0.50979617E-001
   0.63162313E+001   0.22501707E+001   0.50805980E-001
   0.63321412E+001   0.21753806E+001   0.50943249E-001
   0.63480511E+001   0.21646936E+001   0.51085758E-001
   0.63639610E+001   0.22247906E+001   0.50893541E-001
   0.63798709E+001   0.23257458E+001   0.50363150E-001
   0.63957808E+001   0.24172357E+001   0.49912232E-001
   0.64116907E+001   0.24539216E+001   0.50017370E-001
   0.64276006E+001   0.24169846E+001   0.50716550E-001
   0.64435105E+001   0.23235860E+001   0.51477483E-001
   0.64594204E+001   0.22201689E+001   0.51646341E-001
   0.64753303E+001   0.21599595E+001   0.51112743E-001
   0.64912403E+001   0.21741952E+001   0.50477310E-001
   0.65071502E+001   0.22544197E+001   0.50477222E-001
   0.65230601E+001   0.23579254E+001   0.51258284E-001
   0.65389700E+001   0.24320156E+001   0.52227849E-001
   0.65548799E+001   0.24412354E+001   0.52610320E-001
   0.65707898E+001   0.23836388E+001   0.52153365E-001
   0.65866997E+001   0.22902575E+001   0.51298960E-001
   0.66026096E+001   0.22087145E+001   0.50709341E-001
   0.66185195E+001   0.21784393E+001   0.50678159E-001
   0.66344294E+001   0.22107644E+001   0.50946179E-001
   0.66503393E+001   0.22854330E+001   0.51001842E-001
   0.66662492E+001   0.23640129E+001   0.50572552E-001
   0.66821591E+001   0.24101153E+001   0.49876702E-001
   0.66980690E+001   0.24053401E+001   0.49424078E-001
   0.67139789E+001   0.23555795E+001   0.49556669E-001
   0.67298888E+001   0.22867549E+001   0.50132520E-001
   0.67457987E+001   0.22316147E+001   0.50647346E-001
   0.67617086E+001   0.22135095E+001   0.50701527E-001
   0.67776185E+001   0.22363328E+001   0.50363699E-001
   0.67935284E+001   0.22860172E+001   0.50098424E-001
   0.68094383E+001   0.23402054E+001   0.50349045E-001
   0.68253482E+001   0.23781567E+001   0.51129996E-001
   0.68412581E+001   0.23864440E+001   0.51976914E-001
   0.68571680E+001   0.23616491E+001   0.52319049E-001
   0.68730779E+001   0.23120477E+001   0.51946356E-001
   0.68889878E+001   0.22569151E+001   0.51170894E-001
   0.69048977E+001   0.22205806E+001   0.50562186E-001
   0.69208076E+001   0.22216152E+001   0.50470731E-001
   0.69367175E+001   0.22623723E+001   0.50743272E-001
   0.69526274E+001   0.23256720E+001   0.50888477E-001
   0.69685373E+001   0.23818110E+001   0.50542059E-001
   0.69844472E+001   0.24028156E+001   0.49818521E-001
   0.70003571E+001   0.23765964E+001   0.49225531E-001
   0.70162670E+001   0.23137976E+001   0.49188262E-001
   0.70321769E+001   0.22436024E+001   0.49636007E-001
   0.70480868E+001   0.21998475E+001   0.50078543E-001
   0.70639967E+001   0.22040243E+001   0.50096757E-001
   0.70799066E+001   0.22542321E+001   0.49766346E-001
   0.70958165E+001   0.23261433E+001   0.49603947E-001
   0.71117265E+001   0.23850266E+001   0.50058223E-001
   0.71276364E+001   0.24022201E+001   0.51022848E-001
   0.71435463E+001   0.23685360E+001   0.51867576E-001
   0.71594562E+001   0.22992542E+001   0.51979438E-001
   0.71753661E+001   0.22281142E+001   0.51313742E-001
   0.71912760E+001   0.21915443E+001   0.50447939E-001
   0.72071859E+001   0.22098337E+001   0.50074330E-001
   0.72230958E+001   0.22755349E+001   0.50387205E-001
   0.72390057E+001   0.23564473E+001   0.50927549E-001
   0.72549156E+001   0.24119948E+001   0.51017877E-001
   0.72708255E+001   0.24141045E+001   0.50390219E-001
   0.72867354E+001   0.23617529E+001   0.49439012E-001
   0.73026453E+001   0.22817977E+001   0.48854712E-001
   0.73185552E+001   0.22151661E+001   0.48990190E-001
   0.73344651E+001   0.21950482E+001   0.49577275E-001
   0.73503750E+001   0.22290840E+001   0.50030290E-001
   0.73662849E+001   0.22959635E+001   0.50010135E-001
   0.73821948E+001   0.23580549E+001   0.49719785E-001
   0.73981047E+001   0.23820439E+001   0.49659346E-001
   0.74140146E+001   0.23559359E+001   0.50088048E-001
   0.74299245E+001   0.22940287E+001   0.50745163E-001
   0.74458344E+001   0.22282070E+001   0.51103299E-001
   0.74617443E+001   0.21908047E+001   0.50880424E-001
   0.74776542E+001   0.21985552E+001   0.50307828E-001
   0.74935641E+001   0.22460807E+001   0.49906284E-001
   0.75094740E+001   0.23110701E+001   0.49997114E-001
   0.75253839E+001   0.23663836E+001   0.50420320E-001
   0.75412938E+001   0.23919090E+001   0.50705467E-001
   0.75572037E+001   0.23814290E+001   0.50510559E-001
   0.75731136E+001   0.23433943E+001   0.49927606E-001
   0.75890235E+001   0.22966038E+001   0.49389657E-001
   0.76049334E+001   0.22625884E+001   0.49279601E-001
   0.76208433E+001   0.22570882E+001   0.49610692E-001
   0.76367532E+001   0.22834164E+001   0.50051927E-001
   0.76526631E+001   0.23303222E+001   0.50243018E-001
   0.76685730E+001   0.23759949E+001   0.50106389E-001
   0.76844829E+001   0.23976964E+001   0.49880725E-001
   0.77003928E+001   0.23832313E+001   0.49863085E-001
   0.77163027E+001   0.23380173E+001   0.50126146E-001
   0.77322127E+001   0.22828544E+001   0.50470103E-001
   0.77481226E+001   0.22429896E+001   0.50617237E-001
   0.77640325E+001   0.22348498E+001   0.50458639E-001
   0.77799424E+001   0.22581859E+001   0.50146515E-001
   0.77958523E+001   0.22975484E+001   0.49959167E-001
   0.78117622E+001   0.23313519E+001   0.50057956E-001
   0.78276721E+001   0.23430173E+001   0.50342637E-001
   0.78435820E+001   0.23283512E+001   0.50528276E-001
   0.78594919E+001   0.22960499E+001   0.50395277E-001
   0.78754018E+001   0.22622249E+001   0.50001622E-001
   0.78913117E+001   0.22426339E+001   0.49646645E-001
   0.79072216E+001   0.22463209E+001   0.49606581E-001
   0.79231315E+001   0.22725599E+001   0.49886566E-001
   0.79390414E+001   0.23114527E+001   0.50214458E-001
   0.79549513E+001   0.23478784E+001   0.50286601E-001
   0.79708612E+001   0.23676853E+001   0.50044918E-001
   0.79867711E+001   0.23637104E+001   0.49723704E-001
   0.80026810E+001   0.23387411E+001   0.49627305E-001
   0.80185909E+001   0.23039942E+001   0.49851324E-001
   0.80345008E+001   0.22741153E+001   0.50195582E-001
   0.80504107E+001   0.22611331E+001   0.50351095E-001
   0.80663206E+001   0.22697096E+001   0.50198599E-001
   0.80822305E+001   0.22953106E+001   0.49929688E-001
   0.80981404E+001   0.23260895E+001   0.49865269E-001
   0.81140503E+001   0.23479425E+001   0.50144461E-001
   0.81299602E+001   0.23506135E+001   0.50578465E-001
   0.81458701E+001   0.23321261E+001   0.50816498E-001
   0.81617800E+001   0.22997550E+001   0.50673942E-001
   0.81776899E+001   0.22672964E+001   0.50297196E-001
   0.81935998E+001   0.22495319E+001   0.50009729E-001
   0.82095097E+001   0.22556317E+001   0.50010825E-001
   0.82254196E+001   0.22841759E+001   0.50213591E-001
   0.82413295E+001   0.23227024E+001   0.50353626E-001
   0.82572394E+001   0.23529620E+001   0.50249801E-001
   0.82731493E+001   0.23597778E+001   0.49962871E-001
   0.82890592E+001   0.23389165E+001   0.49715917E-001
   0.83049691E+001   0.22997121E+001   0.49680055E-001
   0.83208790E+001   0.22609759E+001   0.49831205E-001
   0.83367890E+001   0.22420295E+001   0.49999206E-001
   0.83526989E+001   0.22529838E+001   0.50053094E-001
   0.83686088E+001   0.22890560E+001   0.50031353E-001
   0.83845187E+001   0.23323242E+001   0.50085357E-001
   0.84004286E+001   0.23607345E+001   0.50303670E-001
   0.84163385E+001   0.23598329E+001   0.50597542E-001
   0.84322484E+001   0.23305419E+001   0.50765704E-001
   0.84481583E+001   0.22884024E+001   0.50684638E-001
   0.84640682E+001   0.22549175E+001   0.50431096E-001
   0.84799781E+001   0.22462489E+001   0.50208765E-001
   0.84958880E+001   0.22654695E+001   0.50163372E-001
   0.85117979E+001   0.23018921E+001   0.50268341E-001
   0.85277078E+001   0.23370737E+001   0.50371257E-001
   0.85436177E+001   0.23541502E+001   0.50342048E-001
   0.85595276E+001   0.23459423E+001   0.50179240E-001
   0.85754375E+001   0.23179110E+001   0.49987400E-001
   0.85913474E+001   0.22846173E+001   0.49878430E-001
   0.86072573E+001   0.22619184E+001   0.49898747E-001
   0.86231672E+001   0.22593912E+001   0.50022413E-001
   0.86390771E+001   0.22767222E+001   0.50190177E-001
   0.86549870E+001   0.23049478E+001   0.50351887E-001
   0.86708969E+001   0.23310196E+001   0.50480623E-001
   0.86868068E+001   0.23434901E+001   0.50564333E-001
   0.87027167E+001   0.23373047E+001   0.50595771E-001
   0.87186266E+001   0.23158794E+001   0.50570625E-001
   0.87345365E+001   0.22893713E+001   0.50497154E-001
   0.87504464E+001   0.22698551E+001   0.50402903E-001
   0.87663563E+001   0.22658780E+001   0.50319235E-001
   0.87822662E+001   0.22789636E+001   0.50261295E-001
   0.87981761E+001   0.23031821E+001   0.50229829E-001
   0.88140860E+001   0.23275495E+001   0.50222844E-001
   0.88299959E+001   0.23405418E+001   0.50236253E-001
   0.88459058E+001   0.23354814E+001   0.50255727E-001
   0.88618157E+001   0.23144003E+001   0.50255852E-001
   0.88777256E+001   0.22876710E+001   0.50223900E-001
   0.88936355E+001   0.22688041E+001   0.50193414E-001
   0.89095454E+001   0.22672333E+001   0.50235774E-001
   0.89254553E+001   0.22834742E+001   0.50397321E-001
   0.89413652E+001   0.23092469E+001   0.50642791E-001
   0.89572752E+001   0.23318948E+001   0.50864128E-001
   0.89731851E+001   0.23404888E+001   0.50950066E-001
   0.89890950E+001   0.23309433E+001   0.50859739E-001
   0.90050049E+001   0.23080595E+001   0.50642859E-001
   0.90209148E+001   0.22832858E+001   0.50401106E-001
   0.90368247E+001   0.22688739E+001   0.50228708E-001
   0.90527346E+001   0.22714843E+001   0.50164538E-001
   0.90686445E+001   0.22889717E+001   0.50177610E-001
   0.90845544E+001   0.23119857E+001   0.50199799E-001
   0.91004643E+001   0.23289560E+001   0.50184231E-001
   0.91163742E+001   0.23315904E+001   0.50142885E-001
   0.91322841E+001   0.23185784E+001   0.50133787E-001
   0.91481940E+001   0.22962505E+001   0.50204783E-001
   0.91641039E+001   0.22757519E+001   0.50343551E-001
   0.91800138E+001   0.22675628E+001   0.50490803E-001
   0.91959237E+001   0.22759696E+001   0.50605893E-001
   0.92118336E+001   0.22967300E+001   0.50708796E-001
   0.92277435E+001   0.23194195E+001   0.50849157E-001
   0.92436534E+001   0.23329675E+001   0.51031300E-001
   0.92595633E+001   0.23311800E+001   0.51171325E-001
   0.92754732E+001   0.23155976E+001   0.51142150E-001
   0.92913831E+001   0.22946764E+001   0.50882469E-001
   0.93072930E+001   0.22797016E+001   0.50475978E-001
   0.93232029E+001   0.22790437E+001   0.50119443E-001
   0.93391128E+001   0.22935034E+001   0.49985261E-001
   0.93550227E+001   0.23155745E+001   0.50084129E-001
   0.93709326E+001   0.23334511E+001   0.50256398E-001
   0.93868425E+001   0.23375144E+001   0.50313489E-001
   0.94027524E+001   0.23253828E+001   0.50205561E-001
   0.94186623E+001   0.23028079E+001   0.50062299E-001
   0.94345722E+001   0.22804447E+001   0.50068077E-001
   0.94504821E+001   0.22685441E+001   0.50286877E-001
   0.94663920E+001   0.22720705E+001   0.50606284E-001
   0.94823019E+001   0.22883247E+001   0.50853051E-001
   0.94982118E+001   0.23082747E+001   0.50955074E-001
   0.95141217E+001   0.23212207E+001   0.50984637E-001
   0.95300316E+001   0.23204629E+001   0.51050803E-001
   0.95459415E+001   0.23067712E+001   0.51160976E-001
   0.95618514E+001   0.22877400E+001   0.51195901E-001
   0.95777614E+001   0.22736449E+001   0.51025949E-001
   0.95936713E+001   0.22722053E+001   0.50655292E-001
   0.96095812E+001   0.22847609E+001   0.50251510E-001
   0.96254911E+001   0.23054887E+001   0.50023278E-001
   0.96414010E+001   0.23241519E+001   0.50048767E-001
   0.96573109E+001   0.23313972E+001   0.50210322E-001
   0.96732208E+001   0.23239664E+001   0.50301052E-001
   0.96891307E+001   0.23066502E+001   0.50210436E-001
   0.97050406E+001   0.22895315E+001   0.50022702E-001
   0.97209505E+001   0.22821583E+001   0.49941789E-001
   0.97368604E+001   0.22882801E+001   0.50110164E-001
   0.97527703E+001   0.23041271E+001   0.50482525E-001
   0.97686802E+001   0.23208148E+001   0.50865944E-001
   0.97845901E+001   0.23292520E+001   0.51083788E-001
   0.98005000E+001   0.23249605E+001   0.51110220E-001
   0.98164099E+001   0.23103682E+001   0.51060798E-001
   0.98323198E+001   0.22933106E+001   0.51061992E-001
   0.98482297E+001   0.22825068E+001   0.51125753E-001
   0.98641396E+001   0.22826860E+001   0.51141895E-001
   0.98800495E+001   0.22923068E+001   0.50991082E-001
   0.98959594E+001   0.23050195E+001   0.50672652E-001
   0.99118693E+001   0.23136007E+001   0.50327504E-001
   0.99277792E+001   0.23138666E+001   0.50128252E-001
   0.99436891E+001   0.23065473E+001   0.50131234E-001
   0.99595990E+001   0.22964564E+001   0.50228827E-001
   0.99755089E+001   0.22896143E+001   0.50253375E-001
   0.99914188E+001   0.22898774E+001   0.50139917E-001
   0.10007329E+002   0.22968749E+001   0.49994698E-001
   0.10023239E+002   0.23064089E+001   0.50000643E-001
   0.10039149E+002   0.23130652E+001   0.50243026E-001
   0.10055058E+002   0.23134152E+001   0.50618447E-001
   0.10070968E+002   0.23078624E+001   0.50917194E-001
   0.10086878E+002   0.23001312E+001   0.51004613E-001
   0.10102788E+002   0.22948994E+001   0.50930906E-001
   0.10118698E+002   0.22950781E+001   0.50867705E-001
   0.10134608E+002   0.23002493E+001   0.50934619E-001
   0.10150518E+002   0.23070218E+001   0.51080816E-001
   0.10166428E+002   0.23110698E+001   0.51132499E-001
   0.10182338E+002   0.23097552E+001   0.50961027E-001
   0.10198248E+002   0.23038005E+001   0.50613999E-001
   0.10214157E+002   0.22968834E+001   0.50285316E-001
   0.10230067E+002   0.22933000E+001   0.50149482E-001
   0.10245977E+002   0.22952248E+001   0.50213451E-001
   0.10261887E+002   0.23014232E+001   0.50323626E-001
   0.10277797E+002   0.23081806E+001   0.50318382E-001
   0.10293707E+002   0.23116419E+001   0.50181054E-001
   0.10309617E+002   0.23099763E+001   0.50052755E-001
   0.10325527E+002   0.23041972E+001   0.50096718E-001
   0.10341437E+002   0.22974225E+001   0.50341943E-001
   0.10357347E+002   0.22931400E+001   0.50652112E-001
   0.10373256E+002   0.22934164E+001   0.50847177E-001
   0.10389166E+002   0.22979578E+001   0.50860463E-001
   0.10405076E+002   0.23044531E+001   0.50784399E-001
   0.10420986E+002   0.23098681E+001   0.50768124E-001
   0.10436896E+002   0.23118560E+001   0.50868222E-001
   0.10452806E+002   0.23096033E+001   0.50992221E-001
   0.10468716E+002   0.23039869E+001   0.50985335E-001
   0.10484626E+002   0.22972479E+001   0.50779027E-001
   0.10500536E+002   0.22922769E+001   0.50464005E-001
   0.10516446E+002   0.22915137E+001   0.50219415E-001
   0.10532356E+002   0.22957339E+001   0.50161824E-001
   0.10548265E+002   0.23033890E+001   0.50251863E-001
   0.10564175E+002   0.23110769E+001   0.50342529E-001
   0.10580085E+002   0.23150714E+001   0.50321188E-001
   0.10595995E+002   0.23131493E+001   0.50212658E-001
   0.10611905E+002   0.23057872E+001   0.50149952E-001
   0.10627815E+002   0.22961470E+001   0.50242874E-001
   0.10643725E+002   0.22887914E+001   0.50469608E-001
   0.10659635E+002   0.22875658E+001   0.50693954E-001
   0.10675545E+002   0.22935527E+001   0.50789572E-001
   0.10691455E+002   0.23042231E+001   0.50750394E-001
   0.10707364E+002   0.23144726E+001   0.50683404E-001
   0.10723274E+002   0.23191576E+001   0.50695317E-001
   0.10739184E+002   0.23157611E+001   0.50784200E-001
   0.10755094E+002   0.23057133E+001   0.50839224E-001
   0.10771004E+002   0.22937235E+001   0.50748100E-001
   0.10786914E+002   0.22855356E+001   0.50510626E-001
   0.10802824E+002   0.22851868E+001   0.50251207E-001
   0.10818734E+002   0.22930074E+001   0.50117183E-001
   0.10834644E+002   0.23053394E+001   0.50155879E-001
   0.10850554E+002   0.23162429E+001   0.50282373E-001
   0.10866463E+002   0.23204300E+001   0.50364386E-001
   0.10882373E+002   0.23159005E+001   0.50342739E-001
   0.10898283E+002   0.23048790E+001   0.50277007E-001
   0.10914193E+002   0.22926465E+001   0.50279211E-001
   0.10930103E+002   0.22849806E+001   0.50402633E-001
   0.10946013E+002   0.22854794E+001   0.50590935E-001
   0.10961923E+002   0.22939372E+001   0.50731067E-001
   0.10977833E+002   0.23064513E+001   0.50754200E-001
   0.10993743E+002   0.23172409E+001   0.50688697E-001
   0.11009653E+002   0.23213817E+001   0.50621041E-001
   0.11025562E+002   0.23171218E+001   0.50608228E-001
   0.11041472E+002   0.23066088E+001   0.50625802E-001
   0.11057382E+002   0.22947314E+001   0.50597161E-001
   0.11073292E+002   0.22867808E+001   0.50472995E-001
   0.11089202E+002   0.22861091E+001   0.50285825E-001
   0.11105112E+002   0.22927623E+001   0.50130027E-001
   0.11121022E+002   0.23035464E+001   0.50086157E-001
   0.11136932E+002   0.23134613E+001   0.50157703E-001
   0.11152842E+002   0.23179424E+001   0.50274914E-001
   0.11168752E+002   0.23149406E+001   0.50358470E-001
   0.11184662E+002   0.23058319E+001   0.50383856E-001
   0.11200571E+002   0.22947001E+001   0.50391120E-001
   0.11216481E+002   0.22864028E+001   0.50436889E-001
   0.11232391E+002   0.22844168E+001   0.50536322E-001
   0.11248301E+002   0.22894179E+001   0.50647304E-001
   0.11264211E+002   0.22990935E+001   0.50707125E-001
   0.11280121E+002   0.23091890E+001   0.50685154E-001
   0.11296031E+002   0.23153772E+001   0.50604863E-001
   0.11311941E+002   0.23151851E+001   0.50519270E-001
   0.11327851E+002   0.23090726E+001   0.50464702E-001
   0.11343761E+002   0.23001093E+001   0.50433619E-001
   0.11359670E+002   0.22924537E+001   0.50387995E-001
   0.11375580E+002   0.22894700E+001   0.50299756E-001
   0.11391490E+002   0.22923752E+001   0.50183024E-001
   0.11407400E+002   0.22998801E+001   0.50090199E-001
   0.11423310E+002   0.23088217E+001   0.50074169E-001
   0.11439220E+002   0.23154934E+001   0.50147657E-001
   0.11455130E+002   0.23171705E+001   0.50273359E-001
   0.11471040E+002   0.23132010E+001   0.50392520E-001
   0.11486950E+002   0.23051764E+001   0.50467399E-001
   0.11502860E+002   0.22961761E+001   0.50502552E-001
   0.11518769E+002   0.22895440E+001   0.50529537E-001
   0.11534679E+002   0.22877269E+001   0.50571413E-001
   0.11550589E+002   0.22914569E+001   0.50619207E-001
   0.11566499E+002   0.22993968E+001   0.50640394E-001
   0.11582409E+002   0.23084224E+001   0.50610587E-001
   0.11598319E+002   0.23146802E+001   0.50538724E-001
   0.11614229E+002   0.23151820E+001   0.50461476E-001
   0.11630139E+002   0.23092474E+001   0.50410486E-001
   0.11646049E+002   0.22990368E+001   0.50382180E-001
   0.11661959E+002   0.22888400E+001   0.50340258E-001
   0.11677868E+002   0.22833469E+001   0.50252900E-001
   0.11693778E+002   0.22855445E+001   0.50132662E-001
   0.11709688E+002   0.22951121E+001   0.50039445E-001
   0.11725598E+002   0.23081828E+001   0.50037565E-001
   0.11741508E+002   0.23188720E+001   0.50141395E-001
   0.11757418E+002   0.23220411E+001   0.50298367E-001
   0.11773328E+002   0.23159167E+001   0.50426975E-001
   0.11789238E+002   0.23031277E+001   0.50478222E-001
   0.11805148E+002   0.22895750E+001   0.50468030E-001
   0.11821058E+002   0.22816950E+001   0.50454628E-001
   0.11836968E+002   0.22834199E+001   0.50483522E-001
   0.11852877E+002   0.22942241E+001   0.50549323E-001
   0.11868787E+002   0.23092021E+001   0.50605958E-001
   0.11884697E+002   0.23212715E+001   0.50611699E-001
   0.11900607E+002   0.23245591E+001   0.50565098E-001
   0.11916517E+002   0.23173006E+001   0.50499728E-001
   0.11932427E+002   0.23027453E+001   0.50446458E-001
   0.11948337E+002   0.22876055E+001   0.50402509E-001
   0.11964247E+002   0.22788814E+001   0.50338815E-001
   0.11980157E+002   0.22806140E+001   0.50238624E-001
   0.11996067E+002   0.22920274E+001   0.50127794E-001
   0.12011976E+002   0.23078564E+001   0.50063433E-001
   0.12027886E+002   0.23207481E+001   0.50087715E-001
   0.12043796E+002   0.23247038E+001   0.50188800E-001
   0.12059706E+002   0.23179391E+001   0.50306182E-001
   0.12075616E+002   0.23037168E+001   0.50377405E-001
   0.12091526E+002   0.22887294E+001   0.50385692E-001
   0.12107436E+002   0.22798937E+001   0.50368179E-001
   0.12123346E+002   0.22811659E+001   0.50379863E-001
   0.12139256E+002   0.22918244E+001   0.50445811E-001
   0.12155166E+002   0.23068958E+001   0.50541835E-001
   0.12171075E+002   0.23194677E+001   0.50617093E-001
   0.12186985E+002   0.23238606E+001   0.50635706E-001
   0.12202895E+002   0.23182170E+001   0.50600647E-001
   0.12218805E+002   0.23052830E+001   0.50542076E-001
   0.12234715E+002   0.22910280E+001   0.50484932E-001
   0.12250625E+002   0.22818456E+001   0.50427828E-001
   0.12266535E+002   0.22817102E+001   0.50352716E-001
   0.12282445E+002   0.22905265E+001   0.50254170E-001
   0.12298355E+002   0.23042649E+001   0.50157451E-001
   0.12314265E+002   0.23167537E+001   0.50105022E-001
   0.12330174E+002   0.23224021E+001   0.50122012E-001
   0.12346084E+002   0.23187130E+001   0.50192632E-001
   0.12361994E+002   0.23074278E+001   0.50270656E-001
   0.12377904E+002   0.22937128E+001   0.50315999E-001
   0.12393814E+002   0.22837666E+001   0.50325780E-001
   0.12409724E+002   0.22820076E+001   0.50333470E-001
   0.12425634E+002   0.22891330E+001   0.50377677E-001
   0.12441544E+002   0.23018558E+001   0.50467548E-001
   0.12457454E+002   0.23143923E+001   0.50573572E-001
   0.12473364E+002   0.23210659E+001   0.50649923E-001
   0.12489274E+002   0.23189007E+001   0.50667796E-001
   0.12505183E+002   0.23089924E+001   0.50631757E-001
   0.12521093E+002   0.22959616E+001   0.50567961E-001
   0.12537003E+002   0.22857568E+001   0.50498250E-001
   0.12552913E+002   0.22829079E+001   0.50425279E-001
   0.12568823E+002   0.22885351E+001   0.50341211E-001
   0.12584733E+002   0.22999521E+001   0.50248471E-001
   0.12600643E+002   0.23119425E+001   0.50169339E-001
   0.12616553E+002   0.23191162E+001   0.50132926E-001
   0.12632463E+002   0.23183292E+001   0.50151208E-001
   0.12648373E+002   0.23100866E+001   0.50207346E-001
   0.12664282E+002   0.22982623E+001   0.50268228E-001
   0.12680192E+002   0.22882625E+001   0.50310489E-001
   0.12696102E+002   0.22845356E+001   0.50337363E-001
   0.12712012E+002   0.22886056E+001   0.50372398E-001
   0.12727922E+002   0.22984809E+001   0.50436118E-001
   0.12743832E+002   0.23096202E+001   0.50525606E-001
   0.12759742E+002   0.23169950E+001   0.50613527E-001
   0.12775652E+002   0.23173549E+001   0.50666280E-001
   0.12791562E+002   0.23106860E+001   0.50665754E-001
   0.12807472E+002   0.23001682E+001   0.50617950E-001
   0.12823381E+002   0.22906383E+001   0.50543894E-001
   0.12839291E+002   0.22863222E+001   0.50462992E-001
   0.12855201E+002   0.22889466E+001   0.50383633E-001
   0.12871111E+002   0.22970782E+001   0.50307158E-001
   0.12887021E+002   0.23068941E+001   0.50238183E-001
   0.12902931E+002   0.23139592E+001   0.50189296E-001
   0.12918841E+002   0.23152064E+001   0.50174767E-001
   0.12934751E+002   0.23102657E+001   0.50199181E-001
   0.12950661E+002   0.23015564E+001   0.50251928E-001
   0.12966571E+002   0.22931101E+001   0.50313140E-001
   0.12982481E+002   0.22886950E+001   0.50366677E-001
   0.12998390E+002   0.22901415E+001   0.50409955E-001
   0.13014300E+002   0.22966196E+001   0.50452824E-001
   0.13030210E+002   0.23051226E+001   0.50506126E-001
   0.13046120E+002   0.23118709E+001   0.50568826E-001
   0.13062030E+002   0.23139938E+001   0.50624192E-001
   0.13077940E+002   0.23107656E+001   0.50648770E-001
   0.13093850E+002   0.23038555E+001   0.50627855E-001
   0.13109760E+002   0.22964878E+001   0.50565568E-001
   0.13125670E+002   0.22919263E+001   0.50481777E-001
   0.13141580E+002   0.22920212E+001   0.50399047E-001
   0.13157489E+002   0.22964842E+001   0.50330720E-001
   0.13173399E+002   0.23031510E+001   0.50279127E-001
   0.13189309E+002   0.23090227E+001   0.50243114E-001
   0.13205219E+002   0.23115817E+001   0.50225891E-001
   0.13221129E+002   0.23098294E+001   0.50234901E-001
   0.13237039E+002   0.23046401E+001   0.50273916E-001
   0.13252949E+002   0.22983116E+001   0.50335611E-001
   0.13268859E+002   0.22935326E+001   0.50402778E-001
   0.13284769E+002   0.22922349E+001   0.50458468E-001
   0.13300679E+002   0.22948211E+001   0.50496818E-001
   0.13316588E+002   0.23000593E+001   0.50524954E-001
   0.13332498E+002   0.23056429E+001   0.50553766E-001
   0.13348408E+002   0.23091665E+001   0.50585250E-001
   0.13364318E+002   0.23091373E+001   0.50607477E-001
   0.13380228E+002   0.23056213E+001   0.50602109E-001
   0.13396138E+002   0.23002360E+001   0.50558662E-001
   0.13412048E+002   0.22954522E+001   0.50483934E-001
   0.13427958E+002   0.22934843E+001   0.50399123E-001
   0.13443868E+002   0.22952693E+001   0.50327430E-001
   0.13459778E+002   0.23000185E+001   0.50282099E-001
   0.13475687E+002   0.23055645E+001   0.50263264E-001
   0.13491597E+002   0.23093573E+001   0.50264066E-001
   0.13507507E+002   0.23096579E+001   0.50279269E-001
   0.13523417E+002   0.23063713E+001   0.50308835E-001
   0.13539327E+002   0.23011032E+001   0.50354441E-001
   0.13555237E+002   0.22963853E+001   0.50413350E-001
   0.13571147E+002   0.22944336E+001   0.50475993E-001
   0.13587057E+002   0.22960656E+001   0.50529842E-001
   0.13602967E+002   0.23003299E+001   0.50566345E-001
   0.13618877E+002   0.23050279E+001   0.50584887E-001
   0.13634787E+002   0.23078410E+001   0.50590308E-001
   0.13650696E+002   0.23074760E+001   0.50586250E-001
   0.13666606E+002   0.23042594E+001   0.50570464E-001
   0.13682516E+002   0.22999037E+001   0.50536744E-001
   0.13698426E+002   0.22965902E+001   0.50482244E-001
   0.13714336E+002   0.22958562E+001   0.50413753E-001
   0.13730246E+002   0.22978609E+001   0.50346914E-001
   0.13746156E+002   0.23013934E+001   0.50298240E-001
   0.13762066E+002   0.23045795E+001   0.50275970E-001
   0.13777976E+002   0.23058813E+001   0.50277052E-001
   0.13793886E+002   0.23048493E+001   0.50292546E-001
   0.13809795E+002   0.23022580E+001   0.50316602E-001
   0.13825705E+002   0.22996028E+001   0.50350952E-001
   0.13841615E+002   0.22982682E+001   0.50400797E-001
   0.13857525E+002   0.22988225E+001   0.50465750E-001
   0.13873435E+002   0.23007913E+001   0.50534320E-001
   0.13889345E+002   0.23029910E+001   0.50587787E-001
   0.13905255E+002   0.23042136E+001   0.50611269E-001
   0.13921165E+002   0.23038802E+001   0.50603253E-001
   0.13937075E+002   0.23023148E+001   0.50575607E-001
   0.13952985E+002   0.23005039E+001   0.50543769E-001
   0.13968894E+002   0.22995030E+001   0.50515113E-001
   0.13984804E+002   0.22998403E+001   0.50485204E-001
   0.14000714E+002   0.23012497E+001   0.50444913E-001
   0.14016624E+002   0.23028560E+001   0.50391867E-001
   0.14032534E+002   0.23036853E+001   0.50335927E-001
   0.14048444E+002   0.23032145E+001   0.50293741E-001
   0.14064354E+002   0.23016695E+001   0.50277203E-001
   0.14080264E+002   0.22999119E+001   0.50286142E-001
   0.14096174E+002   0.22989655E+001   0.50311526E-001
   0.14112084E+002   0.22994368E+001   0.50345420E-001
   0.14127993E+002   0.23011561E+001   0.50387568E-001
   0.14143903E+002   0.23032475E+001   0.50441923E-001
   0.14159813E+002   0.23045867E+001   0.50506631E-001
   0.14175723E+002   0.23043955E+001   0.50567938E-001
   0.14191633E+002   0.23026634E+001   0.50605573E-001
   0.14207543E+002   0.23001898E+001   0.50606633E-001
   0.14223453E+002   0.22982171E+001   0.50576264E-001
   0.14239363E+002   0.22978141E+001   0.50534893E-001
   0.14255273E+002   0.22993047E+001   0.50502899E-001
   0.14271183E+002   0.23020482E+001   0.50485162E-001
   0.14287093E+002   0.23047183E+001   0.50468927E-001
   0.14303002E+002   0.23059561E+001   0.50437099E-001
   0.14318912E+002   0.23050626E+001   0.50385351E-001
   0.14334822E+002   0.23023741E+001   0.50328044E-001
   0.14350732E+002   0.22991339E+001   0.50287997E-001
   0.14366642E+002   0.22969161E+001   0.50279576E-001
   0.14382552E+002   0.22968624E+001   0.50300020E-001
   0.14398462E+002   0.22990933E+001   0.50335593E-001
   0.14414372E+002   0.23026002E+001   0.50375193E-001
   0.14430282E+002   0.23057074E+001   0.50417845E-001
   0.14446192E+002   0.23068900E+001   0.50467553E-001
   0.14462101E+002   0.23055316E+001   0.50521839E-001
   0.14478011E+002   0.23022340E+001   0.50566729E-001
   0.14493921E+002   0.22985345E+001   0.50584746E-001
   0.14509831E+002   0.22961792E+001   0.50569545E-001
   0.14525741E+002   0.22962997E+001   0.50533326E-001
   0.14541651E+002   0.22988709E+001   0.50498684E-001
   0.14557561E+002   0.23027077E+001   0.50480720E-001
   0.14573471E+002   0.23060152E+001   0.50475000E-001
   0.14589381E+002   0.23072388E+001   0.50462515E-001
   0.14605291E+002   0.23058009E+001   0.50427680E-001
   0.14621200E+002   0.23023646E+001   0.50373615E-001
   0.14637110E+002   0.22985134E+001   0.50321384E-001
   0.14653020E+002   0.22960161E+001   0.50294180E-001
   0.14668930E+002   0.22960223E+001   0.50300569E-001
   0.14684840E+002   0.22985401E+001   0.50330833E-001
   0.14700750E+002   0.23024260E+001   0.50367987E-001
   0.14716660E+002   0.23059019E+001   0.50402080E-001
   0.14732570E+002   0.23073750E+001   0.50434727E-001
   0.14748480E+002   0.23061802E+001   0.50471149E-001
   0.14764390E+002   0.23028844E+001   0.50509066E-001
   0.14780299E+002   0.22990136E+001   0.50536390E-001
   0.14796209E+002   0.22963404E+001   0.50540667E-001
   0.14812119E+002   0.22960751E+001   0.50521345E-001
   0.14828029E+002   0.22983216E+001   0.50492494E-001
   0.14843939E+002   0.23020365E+001   0.50472108E-001
   0.14859849E+002   0.23055103E+001   0.50466950E-001
   0.14875759E+002   0.23071570E+001   0.50466781E-001
   0.14891669E+002   0.23062449E+001   0.50453735E-001
   0.14907579E+002   0.23032217E+001   0.50418927E-001
   0.14923489E+002   0.22994830E+001   0.50371717E-001
   0.14939399E+002   0.22967120E+001   0.50333517E-001
   0.14955308E+002   0.22961135E+001   0.50321656E-001
   0.14971218E+002   0.22978902E+001   0.50337195E-001
   0.14987128E+002   0.23011806E+001   0.50366455E-001
   0.15003038E+002   0.23044702E+001   0.50393678E-001
   0.15018948E+002   0.23062884E+001   0.50412968E-001
   0.15034858E+002   0.23058719E+001   0.50429453E-001
   0.15050768E+002   0.23034884E+001   0.50450097E-001
   0.15066678E+002   0.23002749E+001   0.50473976E-001
   0.15082588E+002   0.22976874E+001   0.50491597E-001
   0.15098498E+002   0.22968387E+001   0.50493741E-001
   0.15114407E+002   0.22980306E+001   0.50480986E-001
   0.15130317E+002   0.23006684E+001   0.50464298E-001
   0.15146227E+002   0.23035657E+001   0.50455559E-001
   0.15162137E+002   0.23054863E+001   0.50456702E-001
   0.15178047E+002   0.23056773E+001   0.50457759E-001
   0.15193957E+002   0.23041615E+001   0.50446013E-001
   0.15209867E+002   0.23016723E+001   0.50418118E-001
   0.15225777E+002   0.22992917E+001   0.50384252E-001
   0.15241687E+002   0.22979782E+001   0.50360548E-001
   0.15257597E+002   0.22981972E+001   0.50356574E-001
   0.15273506E+002   0.22997815E+001   0.50368765E-001
   0.15289416E+002   0.23020409E+001   0.50385059E-001
   0.15305326E+002   0.23040519E+001   0.50395908E-001
   0.15321236E+002   0.23050153E+001   0.50401566E-001
   0.15337146E+002   0.23045550E+001   0.50409554E-001
   0.15353056E+002   0.23028518E+001   0.50425469E-001
   0.15368966E+002   0.23005687E+001   0.50446213E-001
   0.15384876E+002   0.22986001E+001   0.50462043E-001
   0.15400786E+002   0.22977363E+001   0.50465359E-001
   0.15416696E+002   0.22983571E+001   0.50457823E-001
   0.15432605E+002   0.23002605E+001   0.50448974E-001
   0.15448515E+002   0.23027059E+001   0.50447489E-001
   0.15464425E+002   0.23046837E+001   0.50453126E-001
   0.15480335E+002   0.23053292E+001   0.50456730E-001
   0.15496245E+002   0.23043101E+001   0.50448308E-001
   0.15512155E+002   0.23020074E+001   0.50425929E-001
   0.15528065E+002   0.22993876E+001   0.50397724E-001
   0.15543975E+002   0.22976057E+001   0.50375622E-001
   0.15559885E+002   0.22974997E+001   0.50366604E-001
   0.15575795E+002   0.22991942E+001   0.50368900E-001
   0.15591705E+002   0.23020011E+001   0.50375622E-001
   0.15607614E+002   0.23046900E+001   0.50381724E-001
   0.15623524E+002   0.23060300E+001   0.50387808E-001
   0.15639434E+002   0.23053646E+001   0.50397849E-001
   0.15655344E+002   0.23029403E+001   0.50413725E-001
   0.15671254E+002   0.22998214E+001   0.50432122E-001
   0.15687164E+002   0.22974177E+001   0.50446784E-001
   0.15703074E+002   0.22968402E+001   0.50453818E-001
   0.15718984E+002   0.22983802E+001   0.50454938E-001
   0.15734894E+002   0.23013572E+001   0.50455446E-001
   0.15750804E+002   0.23044158E+001   0.50458752E-001
   0.15766713E+002   0.23061459E+001   0.50462483E-001
   0.15782623E+002   0.23057404E+001   0.50459845E-001
   0.15798533E+002   0.23033762E+001   0.50445247E-001
   0.15814443E+002   0.23001346E+001   0.50419463E-001
   0.15830353E+002   0.22974994E+001   0.50390049E-001
   0.15846263E+002   0.22966707E+001   0.50366741E-001
   0.15862173E+002   0.22980165E+001   0.50355552E-001
   0.15878083E+002   0.23009102E+001   0.50356030E-001
   0.15893993E+002   0.23040246E+001   0.50363299E-001
   0.15909903E+002   0.23059441E+001   0.50372677E-001
