  0.0000E+00
  0.5000E-01
  0.1000E+00
  0.1500E+00
  0.2000E+00
  0.2500E+00
  0.3000E+00
  0.3500E+00
  0.4000E+00
  0.4500E+00
  0.5000E+00
  0.5500E+00
  0.6000E+00
  0.6500E+00
  0.7000E+00
  0.7500E+00
  0.8000E+00
  0.8500E+00
  0.9000E+00
  0.9500E+00
  0.1000E+01
  0.1050E+01
  0.1100E+01
  0.1150E+01
  0.1200E+01
  0.1250E+01
  0.1300E+01
  0.1350E+01
  0.1400E+01
  0.1450E+01
  0.1500E+01
  0.1550E+01
  0.1600E+01
  0.1650E+01
  0.1700E+01
  0.1750E+01
  0.1800E+01
  0.1850E+01
  0.1900E+01
  0.1950E+01
  0.2000E+01
  0.2050E+01
  0.2100E+01
  0.2150E+01
  0.2200E+01
  0.2250E+01
  0.2300E+01
  0.2350E+01
  0.2400E+01
  0.2450E+01
  0.2500E+01
  0.2550E+01
  0.2600E+01
  0.2650E+01
  0.2700E+01
  0.2750E+01
  0.2800E+01
  0.2850E+01
  0.2900E+01
  0.2950E+01
  0.3000E+01
  0.3050E+01
  0.3100E+01
  0.3150E+01
  0.3200E+01
  0.3250E+01
  0.3300E+01
  0.3350E+01
  0.3400E+01
  0.3450E+01
  0.3500E+01
  0.3550E+01
  0.3600E+01
  0.3650E+01
  0.3700E+01
  0.3750E+01
  0.3800E+01
  0.3850E+01
  0.3900E+01
  0.3950E+01
  0.4000E+01
  0.4050E+01
  0.4100E+01
  0.4150E+01
  0.4200E+01
  0.4250E+01
  0.4300E+01
  0.4350E+01
  0.4400E+01
  0.4450E+01
  0.4500E+01
  0.4550E+01
  0.4600E+01
  0.4650E+01
  0.4700E+01
  0.4750E+01
  0.4800E+01
  0.4850E+01
  0.4900E+01
  0.4950E+01
  0.5000E+01
  0.5050E+01
  0.5100E+01
  0.5150E+01
  0.5200E+01
  0.5250E+01
  0.5300E+01
  0.5350E+01
  0.5400E+01
  0.5450E+01
  0.5500E+01
  0.5550E+01
  0.5600E+01
  0.5650E+01
  0.5700E+01
  0.5750E+01
  0.5800E+01
  0.5850E+01
  0.5900E+01
  0.5950E+01
  0.6000E+01
  0.6050E+01
  0.6100E+01
  0.6150E+01
  0.6200E+01
  0.6250E+01
  0.6300E+01
  0.6350E+01
  0.6400E+01
  0.6450E+01
  0.6500E+01
  0.6550E+01
  0.6600E+01
  0.6650E+01
  0.6700E+01
  0.6750E+01
  0.6800E+01
  0.6850E+01
  0.6900E+01
  0.6950E+01
  0.7000E+01
  0.7050E+01
  0.7100E+01
  0.7150E+01
  0.7200E+01
  0.7250E+01
  0.7300E+01
  0.7350E+01
  0.7400E+01
  0.7450E+01
  0.7500E+01
  0.7550E+01
  0.7600E+01
  0.7650E+01
  0.7700E+01
  0.7750E+01
  0.7800E+01
  0.7850E+01
  0.7900E+01
  0.7950E+01
  0.8000E+01
  0.8050E+01
  0.8100E+01
  0.8150E+01
  0.8200E+01
  0.8250E+01
  0.8300E+01
  0.8350E+01
  0.8400E+01
  0.8450E+01
  0.8500E+01
  0.8550E+01
  0.8600E+01
  0.8650E+01
  0.8700E+01
  0.8750E+01
  0.8800E+01
  0.8850E+01
  0.8900E+01
  0.8950E+01
  0.9000E+01
  0.9050E+01
  0.9100E+01
  0.9150E+01
  0.9200E+01
  0.9250E+01
  0.9300E+01
  0.9350E+01
  0.9400E+01
  0.9450E+01
  0.9500E+01
  0.9550E+01
  0.9600E+01
  0.9650E+01
  0.9700E+01
  0.9750E+01
  0.9800E+01
  0.9850E+01
  0.9900E+01
  0.9950E+01
  0.1000E+02
  0.1005E+02
  0.1010E+02
  0.1015E+02
  0.1020E+02
  0.1025E+02
  0.1030E+02
  0.1035E+02
  0.1040E+02
  0.1045E+02
  0.1050E+02
  0.1055E+02
  0.1060E+02
  0.1065E+02
  0.1070E+02
  0.1075E+02
  0.1080E+02
  0.1085E+02
  0.1090E+02
  0.1095E+02
  0.1100E+02
  0.1105E+02
  0.1110E+02
  0.1115E+02
  0.1120E+02
  0.1125E+02
  0.1130E+02
  0.1135E+02
  0.1140E+02
  0.1145E+02
  0.1150E+02
  0.1155E+02
  0.1160E+02
  0.1165E+02
  0.1170E+02
  0.1175E+02
  0.1180E+02
  0.1185E+02
  0.1190E+02
  0.1195E+02
  0.1200E+02
  0.1205E+02
  0.1210E+02
  0.1215E+02
  0.1220E+02
  0.1225E+02
  0.1230E+02
  0.1235E+02
  0.1240E+02
  0.1245E+02
  0.1250E+02
  0.1255E+02
  0.1260E+02
  0.1265E+02
  0.1270E+02
  0.1275E+02
  0.1280E+02
  0.1285E+02
  0.1290E+02
  0.1295E+02
  0.1300E+02
  0.1305E+02
  0.1310E+02
  0.1315E+02
  0.1320E+02
  0.1325E+02
  0.1330E+02
  0.1335E+02
  0.1340E+02
  0.1345E+02
  0.1350E+02
  0.1355E+02
  0.1360E+02
  0.1365E+02
  0.1370E+02
  0.1375E+02
  0.1380E+02
  0.1385E+02
  0.1390E+02
  0.1395E+02
  0.1400E+02
  0.1405E+02
  0.1410E+02
  0.1415E+02
  0.1420E+02
  0.1425E+02
  0.1430E+02
  0.1435E+02
  0.1440E+02
  0.1445E+02
  0.1450E+02
  0.1455E+02
  0.1460E+02
  0.1465E+02
  0.1470E+02
  0.1475E+02
  0.1480E+02
  0.1485E+02
  0.1490E+02
  0.1495E+02
  0.1500E+02
  0.1505E+02
  0.1510E+02
  0.1515E+02
  0.1520E+02
  0.1525E+02
  0.1530E+02
  0.1535E+02
  0.1540E+02
  0.1545E+02
  0.1550E+02
  0.1555E+02
  0.1560E+02
  0.1565E+02
  0.1570E+02
  0.1575E+02
  0.1580E+02
  0.1585E+02
  0.1590E+02
  0.1595E+02
  0.1600E+02
  0.1605E+02
  0.1610E+02
  0.1615E+02
  0.1620E+02
  0.1625E+02
  0.1630E+02
  0.1635E+02
  0.1640E+02
  0.1645E+02
  0.1650E+02
  0.1655E+02
  0.1660E+02
  0.1665E+02
  0.1670E+02
  0.1675E+02
  0.1680E+02
  0.1685E+02
  0.1690E+02
  0.1695E+02
  0.1700E+02
  0.1705E+02
  0.1710E+02
  0.1715E+02
  0.1720E+02
  0.1725E+02
  0.1730E+02
  0.1735E+02
  0.1740E+02
  0.1745E+02
  0.1750E+02
  0.1755E+02
  0.1760E+02
  0.1765E+02
  0.1770E+02
  0.1775E+02
  0.1780E+02
  0.1785E+02
  0.1790E+02
  0.1795E+02
  0.1800E+02
  0.1805E+02
  0.1810E+02
  0.1815E+02
  0.1820E+02
  0.1825E+02
  0.1830E+02
  0.1835E+02
  0.1840E+02
  0.1845E+02
  0.1850E+02
  0.1855E+02
  0.1860E+02
  0.1865E+02
  0.1870E+02
  0.1875E+02
  0.1880E+02
  0.1885E+02
  0.1890E+02
  0.1895E+02
  0.1900E+02
  0.1905E+02
  0.1910E+02
  0.1915E+02
  0.1920E+02
  0.1925E+02
  0.1930E+02
  0.1935E+02
  0.1940E+02
  0.1945E+02
  0.1950E+02
  0.1955E+02
  0.1960E+02
  0.1965E+02
  0.1970E+02
  0.1975E+02
  0.1980E+02
  0.1985E+02
  0.1990E+02
  0.1995E+02
  0.2000E+02
  0.2005E+02
  0.2010E+02
  0.2015E+02
  0.2020E+02
  0.2025E+02
  0.2030E+02
  0.2035E+02
  0.2040E+02
  0.2045E+02
  0.2050E+02
  0.2055E+02
  0.2060E+02
  0.2065E+02
  0.2070E+02
  0.2075E+02
  0.2080E+02
  0.2085E+02
  0.2090E+02
  0.2095E+02
  0.2100E+02
  0.2105E+02
  0.2110E+02
  0.2115E+02
  0.2120E+02
  0.2125E+02
  0.2130E+02
  0.2135E+02
  0.2140E+02
  0.2145E+02
  0.2150E+02
  0.2155E+02
  0.2160E+02
  0.2165E+02
  0.2170E+02
  0.2175E+02
  0.2180E+02
  0.2185E+02
  0.2190E+02
  0.2195E+02
  0.2200E+02
  0.2205E+02
  0.2210E+02
  0.2215E+02
  0.2220E+02
  0.2225E+02
  0.2230E+02
  0.2235E+02
  0.2240E+02
  0.2245E+02
  0.2250E+02
  0.2255E+02
  0.2260E+02
  0.2265E+02
  0.2270E+02
  0.2275E+02
  0.2280E+02
  0.2285E+02
  0.2290E+02
  0.2295E+02
  0.2300E+02
  0.2305E+02
  0.2310E+02
  0.2315E+02
  0.2320E+02
  0.2325E+02
  0.2330E+02
  0.2335E+02
  0.2340E+02
  0.2345E+02
  0.2350E+02
  0.2355E+02
  0.2360E+02
  0.2365E+02
  0.2370E+02
  0.2375E+02
  0.2380E+02
  0.2385E+02
  0.2390E+02
  0.2395E+02
  0.2400E+02
  0.2405E+02
  0.2410E+02
  0.2415E+02
  0.2420E+02
  0.2425E+02
  0.2430E+02
  0.2435E+02
  0.2440E+02
  0.2445E+02
  0.2450E+02
  0.2455E+02
  0.2460E+02
  0.2465E+02
  0.2470E+02
  0.2475E+02
  0.2480E+02
  0.2485E+02
  0.2490E+02
  0.2495E+02
  0.2500E+02
  0.2505E+02
  0.2510E+02
  0.2515E+02
  0.2520E+02
  0.2525E+02
  0.2530E+02
  0.2535E+02
  0.2540E+02
  0.2545E+02
  0.2550E+02
  0.2555E+02
  0.2560E+02
  0.2565E+02
  0.2570E+02
  0.2575E+02
  0.2580E+02
  0.2585E+02
  0.2590E+02
  0.2595E+02
  0.2600E+02
  0.2605E+02
  0.2610E+02
  0.2615E+02
  0.2620E+02
  0.2625E+02
  0.2630E+02
  0.2635E+02
  0.2640E+02
  0.2645E+02
  0.2650E+02
  0.2655E+02
  0.2660E+02
  0.2665E+02
  0.2670E+02
  0.2675E+02
  0.2680E+02
  0.2685E+02
  0.2690E+02
  0.2695E+02
  0.2700E+02
  0.2705E+02
  0.2710E+02
  0.2715E+02
  0.2720E+02
  0.2725E+02
  0.2730E+02
  0.2735E+02
  0.2740E+02
  0.2745E+02
  0.2750E+02
  0.2755E+02
  0.2760E+02
  0.2765E+02
  0.2770E+02
  0.2775E+02
  0.2780E+02
  0.2785E+02
  0.2790E+02
  0.2795E+02
  0.2800E+02
  0.2805E+02
  0.2810E+02
  0.2815E+02
  0.2820E+02
  0.2825E+02
  0.2830E+02
  0.2835E+02
  0.2840E+02
  0.2845E+02
  0.2850E+02
  0.2855E+02
  0.2860E+02
  0.2865E+02
  0.2870E+02
  0.2875E+02
  0.2880E+02
  0.2885E+02
  0.2890E+02
  0.2895E+02
  0.2900E+02
  0.2905E+02
  0.2910E+02
  0.2915E+02
  0.2920E+02
  0.2925E+02
  0.2930E+02
  0.2935E+02
  0.2940E+02
  0.2945E+02
  0.2950E+02
  0.2955E+02
  0.2960E+02
  0.2965E+02
  0.2970E+02
  0.2975E+02
  0.2980E+02
  0.2985E+02
  0.2990E+02
  0.2995E+02
  0.3000E+02
  0.3005E+02
  0.3010E+02
  0.3015E+02
  0.3020E+02
  0.3025E+02
  0.3030E+02
  0.3035E+02
  0.3040E+02
  0.3045E+02
  0.3050E+02
  0.3055E+02
  0.3060E+02
  0.3065E+02
  0.3070E+02
  0.3075E+02
  0.3080E+02
  0.3085E+02
  0.3090E+02
  0.3095E+02
  0.3100E+02
  0.3105E+02
  0.3110E+02
  0.3115E+02
  0.3120E+02
  0.3125E+02
  0.3130E+02
  0.3135E+02
  0.3140E+02
  0.3145E+02
  0.3150E+02
  0.3155E+02
  0.3160E+02
  0.3165E+02
  0.3170E+02
  0.3175E+02
  0.3180E+02
  0.3185E+02
  0.3190E+02
  0.3195E+02
  0.3200E+02
  0.3205E+02
  0.3210E+02
  0.3215E+02
  0.3220E+02
  0.3225E+02
  0.3230E+02
  0.3235E+02
  0.3240E+02
  0.3245E+02
  0.3250E+02
  0.3255E+02
  0.3260E+02
  0.3265E+02
  0.3270E+02
  0.3275E+02
  0.3280E+02
  0.3285E+02
  0.3290E+02
  0.3295E+02
  0.3300E+02
  0.3305E+02
  0.3310E+02
  0.3315E+02
  0.3320E+02
  0.3325E+02
  0.3330E+02
  0.3335E+02
  0.3340E+02
  0.3345E+02
  0.3350E+02
  0.3355E+02
  0.3360E+02
  0.3365E+02
  0.3370E+02
  0.3375E+02
  0.3380E+02
  0.3385E+02
  0.3390E+02
  0.3395E+02
  0.3400E+02
  0.3405E+02
  0.3410E+02
  0.3415E+02
  0.3420E+02
  0.3425E+02
  0.3430E+02
  0.3435E+02
  0.3440E+02
  0.3445E+02
  0.3450E+02
  0.3455E+02
  0.3460E+02
  0.3465E+02
  0.3470E+02
  0.3475E+02
  0.3480E+02
  0.3485E+02
  0.3490E+02
  0.3495E+02
  0.3500E+02
