  0.0000E+00
  0.5000E-01
  0.1000E+00
  0.1500E+00
  0.2000E+00
  0.2500E+00
  0.3000E+00
  0.3500E+00
  0.4000E+00
  0.4500E+00
  0.5000E+00
  0.5500E+00
  0.6000E+00
  0.6500E+00
  0.7000E+00
  0.7500E+00
  0.8000E+00
  0.8500E+00
  0.9000E+00
  0.9500E+00
  0.1000E+01
  0.1050E+01
  0.1100E+01
  0.1150E+01
  0.1200E+01
  0.1250E+01
  0.1300E+01
  0.1350E+01
  0.1400E+01
  0.1450E+01
  0.1500E+01
  0.1550E+01
  0.1600E+01
  0.1650E+01
  0.1700E+01
  0.1750E+01
  0.1800E+01
  0.1850E+01
  0.1900E+01
  0.1950E+01
  0.2000E+01
  0.2050E+01
  0.2100E+01
  0.2150E+01
  0.2200E+01
  0.2250E+01
  0.2300E+01
  0.2350E+01
  0.2400E+01
  0.2450E+01
  0.2500E+01
  0.2550E+01
  0.2600E+01
  0.2650E+01
  0.2700E+01
  0.2750E+01
  0.2800E+01
  0.2850E+01
  0.2900E+01
  0.2950E+01
  0.3000E+01
